40778210
266353363
417102033
36525909
283364678
344055314
433403984
28578450
84029710
252597337
315198824
127469211
91052892
300207698
174498772
6258387
133246257
2400160
115852261
275287058
376100756
288866713
368612230
383380241
198700163
10816058
40614069
30527666
3635304
255017784
4598548
1615266
435669681
1740445
276724147
334887172
74456415
17692003
87857703
219328856
35206694
157313569
3934566
9303157
256963651
91701148
355724312
378592586
157532748
50358222
232687733
143333514
4207386
20403134
101122127
262028480
2247361
349705425
284534932
21739026
414458098
139248272
94937364
48212621
74012248
47847355
121297530
12339829
313964156
12864975
