9098241
428647962
101
179800902
779338
297167493
251321044
433367024
35594975
1094128
70290934
5002208
57672117
53528509
4883401
172713089
118315791
35909730
29205123
19724197
317882096
85883576
17223099
21358045
104639796
175216423
1727982
26790177
135095174
392038904
4598548
49053802
32251496
34256078
61818664
23917608
58846963
8152061
19411355
330370554
18498957
6692290
284604494
356352
211816284
404242225
132163176
301959
52776653
85137245
133585342
11197398
378365536
402221066
14525882
1069205
186577850
458842
339154309
67053573
71964716
304639245
39055876
3263341
18346988
26219522
407997817
101798410
201975851
315362651
353763598
348102638
38866607
16436396
49482493
6456076
16083498
6185296
293127373
111455174
99698615
73807787
352373218
381787480
183181978
27847602
36525909
30092097
10449740
287028840
414067010
91468181
230361691
2123648
393407637
88423440
301556007
146697094
347101738
89084564
101593180
319738743
137862355
300716509
139599516
173096195
8909461
139493834
420253585
688702
93132473
117825837
27234890
47769864
344048400
303507042
22317592
72710228
398383661
265133987
282197486
14468264
205068443
148187150
72995266
18098623
402333809
72242260
1335290
250027000
155960090
66415851
52502101
138004626
248996444
80034274
430892205
54946947
65928244
20384984
28922111
433959598
87704633
412157760
1097816
281143894
68966325
123178386
18922649
345915574
132825797
124244933
135175949
217958304
4834896
165035501
4609239
94978086
349366938
2598532
113413068
510838
67868209
30654055
20320663
143745252
7187154
22267270
1553870
321947537
258797384
393172011
93827758
273177431
186001782
38452280
9305232
286487547
335214980
220213690
61038431
18215911
346562814
63237858
22789393
90336035
8790979
136326064
147487458
171919146
15416183
307750672
40832326
150349225
402237815
28447593
216515834
21124691
150944434
31799795
124843812
45443865
94417181
22424376
174982579
24078533
423012
3362620
3689841
63152577
251887960
156041116
2124503
21718337
27550308
120293010
25514772
4449636
104737499
367947100
135974132
185889774
285798804
221296535
434579575
101313964
266352999
54091827
18753416
26561878
279869482
141152995
5643965
538852
